AÑO;MES;DIA;HORA;VERANO(1)/INVIERNO(0);COEF. PERFIL P2.0TD;COEF. PERFIL P3.0TD;COEF. PERFIL P3.0TDVE;RESERVADO;
2025;01;01;1;0;0.000123083931;0.000083743760;0.000059204387;;
2025;01;01;2;0;0.000108457454;0.000080269219;0.000050238793;;
2025;01;01;3;0;0.000094647039;0.000077533855;0.000037633359;;
2025;01;01;4;0;0.000084874743;0.000074990100;0.000033825154;;
2025;01;01;5;0;0.000079451047;0.000073468038;0.000036820326;;
2025;01;01;6;0;0.000077848804;0.000073714558;0.000028488188;;
2025;01;01;7;0;0.000079077381;0.000076291767;0.000025313190;;
2025;01;01;8;0;0.000083230052;0.000079974597;0.000030896194;;
2025;01;01;9;0;0.000089780264;0.000074031113;0.000042961348;;
2025;01;01;10;0;0.000108845265;0.000071317952;0.000065087108;;
2025;01;01;11;0;0.000128777201;0.000076034781;0.000094505419;;
2025;01;01;12;0;0.000139484276;0.000081253762;0.000125094443;;
2025;01;01;13;0;0.000144117355;0.000086230828;0.000149653781;;
2025;01;01;14;0;0.000151419106;0.000087353185;0.000155857690;;
2025;01;01;15;0;0.000152644344;0.000085437713;0.000153673733;;
2025;01;01;16;0;0.000137354997;0.000081892190;0.000146398397;;
2025;01;01;17;0;0.000131011570;0.000079825697;0.000141284789;;
2025;01;01;18;0;0.000133574892;0.000080816263;0.000139118128;;
2025;01;01;19;0;0.000153033366;0.000097980285;0.000144515744;;
2025;01;01;20;0;0.000168330212;0.000103892973;0.000152224957;;
2025;01;01;21;0;0.000180831262;0.000104013612;0.000132809963;;
2025;01;01;22;0;0.000182162281;0.000099597724;0.000111590191;;
2025;01;01;23;0;0.000162781967;0.000092401055;0.000087535860;;
2025;01;01;24;0;0.000135356966;0.000084032088;0.000059781312;;
2025;01;02;1;0;0.000104591684;0.000074975997;0.000052922477;;
2025;01;02;2;0;0.000086501464;0.000071751418;0.000039067877;;
2025;01;02;3;0;0.000076324867;0.000069957105;0.000028457782;;
2025;01;02;4;0;0.000070990576;0.000069007617;0.000024672199;;
2025;01;02;5;0;0.000069390326;0.000069454629;0.000023825500;;
2025;01;02;6;0;0.000071979404;0.000072957536;0.000020675601;;
2025;01;02;7;0;0.000083680032;0.000086565601;0.000026246412;;
2025;01;02;8;0;0.000106076490;0.000113711698;0.000041828793;;
2025;01;02;9;0;0.000118673321;0.000144234343;0.000077671354;;
2025;01;02;10;0;0.000126438797;0.000163493245;0.000125781814;;
2025;01;02;11;0;0.000132114605;0.000171109224;0.000152295851;;
2025;01;02;12;0;0.000131188982;0.000169045297;0.000156296279;;
2025;01;02;13;0;0.000132263361;0.000165756173;0.000149693539;;
2025;01;02;14;0;0.000140464540;0.000156570813;0.000148073121;;
2025;01;02;15;0;0.000146456769;0.000139437298;0.000145715236;;
2025;01;02;16;0;0.000140057331;0.000131235136;0.000156973966;;
2025;01;02;17;0;0.000134631055;0.000130659662;0.000153123364;;
2025;01;02;18;0;0.000137944254;0.000133810925;0.000165244731;;
2025;01;02;19;0;0.000156048845;0.000146453672;0.000169288055;;
2025;01;02;20;0;0.000173352574;0.000142480151;0.000175654555;;
2025;01;02;21;0;0.000187710973;0.000129721231;0.000164388201;;
2025;01;02;22;0;0.000190702405;0.000114732086;0.000129801008;;
2025;01;02;23;0;0.000170956501;0.000100751763;0.000104003844;;
2025;01;02;24;0;0.000140447252;0.000089219121;0.000075316823;;
2025;01;03;1;0;0.000116901474;0.000083214023;0.000059224453;;
2025;01;03;2;0;0.000095924388;0.000078405074;0.000044513156;;
2025;01;03;3;0;0.000084010817;0.000075852836;0.000037452341;;
2025;01;03;4;0;0.000077800932;0.000074469680;0.000031219607;;
2025;01;03;5;0;0.000075692823;0.000074663668;0.000033233545;;
2025;01;03;6;0;0.000077847108;0.000077806554;0.000027905303;;
2025;01;03;7;0;0.000088950345;0.000091097918;0.000030815108;;
2025;01;03;8;0;0.000111356183;0.000118313461;0.000048355597;;
2025;01;03;9;0;0.000124487887;0.000148357477;0.000092115604;;
2025;01;03;10;0;0.000133058801;0.000167547849;0.000126811804;;
2025;01;03;11;0;0.000139176875;0.000175528197;0.000163649103;;
2025;01;03;12;0;0.000139189808;0.000175081636;0.000167872333;;
2025;01;03;13;0;0.000140946881;0.000173492078;0.000186136149;;
2025;01;03;14;0;0.000149178914;0.000164104379;0.000175468717;;
2025;01;03;15;0;0.000154798392;0.000142516538;0.000169751797;;
2025;01;03;16;0;0.000148199609;0.000129125283;0.000180584360;;
2025;01;03;17;0;0.000142522567;0.000125884443;0.000176998663;;
2025;01;03;18;0;0.000145399758;0.000129253087;0.000171080140;;
2025;01;03;19;0;0.000160934498;0.000144746978;0.000182156323;;
2025;01;03;20;0;0.000173042863;0.000145578885;0.000188472208;;
2025;01;03;21;0;0.000183161999;0.000137682800;0.000181371245;;
2025;01;03;22;0;0.000187216438;0.000124279388;0.000145680643;;
2025;01;03;23;0;0.000172221962;0.000110671904;0.000117294477;;
2025;01;03;24;0;0.000148824612;0.000099003870;0.000096625688;;
2025;01;04;1;0;0.000125376764;0.000087475635;0.000073760122;;
2025;01;04;2;0;0.000104236549;0.000080733774;0.000049495915;;
2025;01;04;3;0;0.000089724688;0.000076829542;0.000042645368;;
2025;01;04;4;0;0.000082396915;0.000075105522;0.000034796770;;
2025;01;04;5;0;0.000078934747;0.000074433116;0.000035107099;;
2025;01;04;6;0;0.000079367947;0.000075958753;0.000032564453;;
2025;01;04;7;0;0.000083111912;0.000081140600;0.000031044019;;
2025;01;04;8;0;0.000092126364;0.000089797443;0.000037549137;;
2025;01;04;9;0;0.000106212959;0.000090968684;0.000067323289;;
2025;01;04;10;0;0.000132208930;0.000098566212;0.000107893986;;
2025;01;04;11;0;0.000149689302;0.000111840503;0.000126171059;;
2025;01;04;12;0;0.000152433707;0.000116030518;0.000154960862;;
2025;01;04;13;0;0.000150979054;0.000117322033;0.000179162299;;
2025;01;04;14;0;0.000159714431;0.000114472323;0.000188962973;;
2025;01;04;15;0;0.000163831256;0.000105914698;0.000179933415;;
2025;01;04;16;0;0.000152707535;0.000101795380;0.000171249285;;
2025;01;04;17;0;0.000143263999;0.000098472670;0.000164780864;;
2025;01;04;18;0;0.000142620448;0.000100113951;0.000156238644;;
2025;01;04;19;0;0.000156405281;0.000117088721;0.000156117553;;
2025;01;04;20;0;0.000167629180;0.000125422217;0.000163189110;;
2025;01;04;21;0;0.000178280235;0.000127164945;0.000150464252;;
2025;01;04;22;0;0.000185074163;0.000120591297;0.000130363837;;
2025;01;04;23;0;0.000170312494;0.000109912469;0.000109190952;;
2025;01;04;24;0;0.000148604842;0.000099401180;0.000080268219;;
2025;01;05;1;0;0.000130799372;0.000089379754;0.000059360101;;
2025;01;05;2;0;0.000112327535;0.000083640290;0.000050054442;;
2025;01;05;3;0;0.000097535882;0.000080414667;0.000037449376;;
2025;01;05;4;0;0.000088258193;0.000078434443;0.000033735467;;
2025;01;05;5;0;0.000083711728;0.000077789728;0.000036840562;;
2025;01;05;6;0;0.000082174318;0.000078184899;0.000028517101;;
2025;01;05;7;0;0.000084730943;0.000082054260;0.000025430157;;
2025;01;05;8;0;0.000090185321;0.000086916982;0.000031122769;;
2025;01;05;9;0;0.000100048089;0.000082583743;0.000043568738;;
2025;01;05;10;0;0.000124555925;0.000081544264;0.000066424020;;
2025;01;05;11;0;0.000148044394;0.000087308480;0.000096547131;;
2025;01;05;12;0;0.000158608396;0.000092358618;0.000127471418;;
2025;01;05;13;0;0.000162931968;0.000097492978;0.000152299082;;
2025;01;05;14;0;0.000172198185;0.000099306600;0.000158845780;;
2025;01;05;15;0;0.000173161603;0.000096905844;0.000156530039;;
2025;01;05;16;0;0.000157930606;0.000094059374;0.000149617082;;
2025;01;05;17;0;0.000148660417;0.000090567367;0.000143940983;;
2025;01;05;18;0;0.000147728608;0.000089523322;0.000140844690;;
2025;01;05;19;0;0.000163130010;0.000104873989;0.000144996050;;
2025;01;05;20;0;0.000175642105;0.000109015195;0.000151957820;;
2025;01;05;21;0;0.000187315554;0.000108403949;0.000132345414;;
2025;01;05;22;0;0.000189231696;0.000104075769;0.000111272891;;
2025;01;05;23;0;0.000169555061;0.000096797477;0.000087342832;;
2025;01;05;24;0;0.000142482477;0.000088897864;0.000059800756;;
2025;01;06;1;0;0.000125094742;0.000085427923;0.000059106703;;
2025;01;06;2;0;0.000107472658;0.000079972766;0.000049845654;;
2025;01;06;3;0;0.000093416848;0.000076962555;0.000037302367;;
2025;01;06;4;0;0.000084388350;0.000074949548;0.000033589507;;
2025;01;06;5;0;0.000079945878;0.000074251118;0.000036670744;;
2025;01;06;6;0;0.000079079658;0.000075160579;0.000028437410;;
2025;01;06;7;0;0.000081394661;0.000078749690;0.000025348476;;
2025;01;06;8;0;0.000086758112;0.000083527644;0.000031033561;;
2025;01;06;9;0;0.000096050658;0.000079213632;0.000043423002;;
2025;01;06;10;0;0.000119502051;0.000078169578;0.000066191607;;
2025;01;06;11;0;0.000141726732;0.000083524579;0.000096157886;;
2025;01;06;12;0;0.000151575481;0.000088212481;0.000126903719;;
2025;01;06;13;0;0.000154798853;0.000092609932;0.000151404491;;
2025;01;06;14;0;0.000161417419;0.000093157810;0.000157394548;;
2025;01;06;15;0;0.000159949099;0.000089668373;0.000154548910;;
2025;01;06;16;0;0.000143766746;0.000085857603;0.000147192395;;
2025;01;06;17;0;0.000135566970;0.000082804799;0.000141662465;;
2025;01;06;18;0;0.000137735028;0.000083558358;0.000139369883;;
2025;01;06;19;0;0.000156892293;0.000100761769;0.000144573366;;
2025;01;06;20;0;0.000172407226;0.000106746286;0.000152252455;;
2025;01;06;21;0;0.000184755966;0.000106625421;0.000132753981;;
2025;01;06;22;0;0.000186244223;0.000102164024;0.000111561157;;
2025;01;06;23;0;0.000167823497;0.000095521163;0.000087690468;;
2025;01;06;24;0;0.000139737646;0.000086979065;0.000059906819;;
2025;01;07;1;0;0.000110797178;0.000079456728;0.000053205227;;
2025;01;07;2;0;0.000091487782;0.000075927350;0.000039262368;;
2025;01;07;3;0;0.000080834980;0.000074122607;0.000028608600;;
2025;01;07;4;0;0.000075697260;0.000073577976;0.000024841868;;
2025;01;07;5;0;0.000074347748;0.000074385671;0.000024016003;;
2025;01;07;6;0;0.000077682660;0.000078664476;0.000020876139;;
2025;01;07;7;0;0.000090399488;0.000093423281;0.000026507702;;
2025;01;07;8;0;0.000115500397;0.000123621416;0.000042324082;;
2025;01;07;9;0;0.000129236257;0.000156830011;0.000078598806;;
2025;01;07;10;0;0.000135837090;0.000175540637;0.000126870977;;
2025;01;07;11;0;0.000141083268;0.000182691305;0.000153391342;;
2025;01;07;12;0;0.000140165361;0.000180572405;0.000157439941;;
2025;01;07;13;0;0.000141129581;0.000176844967;0.000150742138;;
2025;01;07;14;0;0.000150769393;0.000167966860;0.000149322285;;
2025;01;07;15;0;0.000156401451;0.000148877497;0.000146763403;;
2025;01;07;16;0;0.000150275898;0.000140738292;0.000158285043;;
2025;01;07;17;0;0.000144729734;0.000140370859;0.000154474911;;
2025;01;07;18;0;0.000149258256;0.000144631196;0.000166973266;;
2025;01;07;19;0;0.000167636191;0.000157236270;0.000170754806;;
2025;01;07;20;0;0.000186324919;0.000153046731;0.000177199315;;
2025;01;07;21;0;0.000202383324;0.000139744871;0.000165961681;;
2025;01;07;22;0;0.000204047998;0.000122721678;0.000130795846;;
2025;01;07;23;0;0.000179186234;0.000105713005;0.000104265606;;
2025;01;07;24;0;0.000146582895;0.000093241859;0.000075428190;;
2025;01;08;1;0;0.000121391550;0.000086621739;0.000054206460;;
2025;01;08;2;0;0.000099801995;0.000082439782;0.000039958403;;
2025;01;08;3;0;0.000088139909;0.000080445007;0.000029112249;;
2025;01;08;4;0;0.000082110354;0.000079469757;0.000025248431;;
2025;01;08;5;0;0.000080637475;0.000080334877;0.000024409317;;
2025;01;08;6;0;0.000083337577;0.000084098085;0.000021164366;;
2025;01;08;7;0;0.000097067009;0.000099962599;0.000026881704;;
2025;01;08;8;0;0.000123919885;0.000132177610;0.000042914576;;
2025;01;08;9;0;0.000136166908;0.000164881609;0.000079350853;;
2025;01;08;10;0;0.000141208214;0.000182253648;0.000127667735;;
2025;01;08;11;0;0.000146549587;0.000189542822;0.000154326606;;
2025;01;08;12;0;0.000145276218;0.000186961579;0.000158316748;;
2025;01;08;13;0;0.000146559856;0.000183433509;0.000151652673;;
2025;01;08;14;0;0.000155762206;0.000173387197;0.000150037142;;
2025;01;08;15;0;0.000161311288;0.000153442494;0.000147404770;;
2025;01;08;16;0;0.000154262037;0.000144415200;0.000158791797;;
2025;01;08;17;0;0.000148438210;0.000143919357;0.000154933565;;
2025;01;08;18;0;0.000152172586;0.000147462893;0.000167216637;;
2025;01;08;19;0;0.000171055839;0.000160442242;0.000171037658;;
2025;01;08;20;0;0.000190330458;0.000156325276;0.000177543949;;
2025;01;08;21;0;0.000205710127;0.000142078498;0.000166079714;;
2025;01;08;22;0;0.000205531237;0.000123721889;0.000130600122;;
2025;01;08;23;0;0.000182493226;0.000107679164;0.000104396064;;
2025;01;08;24;0;0.000148529404;0.000094527611;0.000075432166;;
2025;01;09;1;0;0.000119496530;0.000085245287;0.000054208759;;
2025;01;09;2;0;0.000099098592;0.000081786110;0.000040043003;;
2025;01;09;3;0;0.000087607758;0.000079882614;0.000029180898;;
2025;01;09;4;0;0.000081794181;0.000079075537;0.000025321136;;
2025;01;09;5;0;0.000080143832;0.000079767166;0.000024466552;;
2025;01;09;6;0;0.000082477553;0.000083175475;0.000021192418;;
2025;01;09;7;0;0.000095493866;0.000098319233;0.000026879327;;
2025;01;09;8;0;0.000121911506;0.000130005022;0.000042911182;;
2025;01;09;9;0;0.000133232477;0.000161350534;0.000079239299;;
2025;01;09;10;0;0.000138122957;0.000178299566;0.000127478301;;
2025;01;09;11;0;0.000142469693;0.000184373224;0.000153869750;;
2025;01;09;12;0;0.000141019150;0.000181608005;0.000157792022;;
2025;01;09;13;0;0.000141803607;0.000177643654;0.000151033854;;
2025;01;09;14;0;0.000150644067;0.000167848674;0.000149409392;;
2025;01;09;15;0;0.000155027755;0.000147669818;0.000146565310;;
2025;01;09;16;0;0.000148137720;0.000138880780;0.000157855713;;
2025;01;09;17;0;0.000142183079;0.000138076049;0.000153923825;;
2025;01;09;18;0;0.000146502441;0.000142144774;0.000166325116;;
2025;01;09;19;0;0.000165612537;0.000155469487;0.000170357467;;
2025;01;09;20;0;0.000184552900;0.000151694255;0.000176904317;;
2025;01;09;21;0;0.000200742995;0.000138691992;0.000165738888;;
2025;01;09;22;0;0.000201766634;0.000121444976;0.000130521004;;
2025;01;09;23;0;0.000178727332;0.000105464735;0.000104272590;;
2025;01;09;24;0;0.000146267095;0.000093058939;0.000075442439;;
2025;01;10;1;0;0.000120950496;0.000085976762;0.000059515145;;
2025;01;10;2;0;0.000100294081;0.000081803494;0.000044844799;;
2025;01;10;3;0;0.000088471457;0.000079671478;0.000037796150;;
2025;01;10;4;0;0.000082905820;0.000079083129;0.000031595178;;
2025;01;10;5;0;0.000080761536;0.000079382221;0.000033643149;;
2025;01;10;6;0;0.000083494780;0.000083126301;0.000028284436;;
2025;01;10;7;0;0.000095650301;0.000097561525;0.000031253935;;
2025;01;10;8;0;0.000121996713;0.000128924086;0.000049263169;;
2025;01;10;9;0;0.000135010675;0.000160153005;0.000093625080;;
2025;01;10;10;0;0.000140538624;0.000176469453;0.000128070698;;
2025;01;10;11;0;0.000145829331;0.000183502511;0.000164953895;;
2025;01;10;12;0;0.000144217626;0.000181136592;0.000168755602;;
2025;01;10;13;0;0.000144620428;0.000177870035;0.000186677966;;
2025;01;10;14;0;0.000152205099;0.000167363177;0.000175739636;;
2025;01;10;15;0;0.000156714293;0.000144297240;0.000169694315;;
2025;01;10;16;0;0.000150925222;0.000131461015;0.000180778871;;
2025;01;10;17;0;0.000145422543;0.000128390058;0.000177268801;;
2025;01;10;18;0;0.000148466860;0.000131913596;0.000171364058;;
2025;01;10;19;0;0.000164470856;0.000147844462;0.000182495002;;
2025;01;10;20;0;0.000178472769;0.000149970370;0.000189250019;;
2025;01;10;21;0;0.000188090254;0.000141263077;0.000181927710;;
2025;01;10;22;0;0.000191904599;0.000127295279;0.000146062806;;
2025;01;10;23;0;0.000175890329;0.000112972200;0.000117498015;;
2025;01;10;24;0;0.000151554992;0.000100789169;0.000096724856;;
2025;01;11;1;0;0.000127386750;0.000088660882;0.000074075797;;
2025;01;11;2;0;0.000106228309;0.000082057944;0.000049743365;;
2025;01;11;3;0;0.000092298289;0.000078771513;0.000042953811;;
2025;01;11;4;0;0.000085058437;0.000077255902;0.000035077992;;
2025;01;11;5;0;0.000081491049;0.000076569766;0.000035391182;;
2025;01;11;6;0;0.000081726462;0.000077951513;0.000032807926;;
2025;01;11;7;0;0.000085192105;0.000082916804;0.000031242192;;
2025;01;11;8;0;0.000094194068;0.000091548065;0.000037766231;;
2025;01;11;9;0;0.000108990746;0.000093055379;0.000067771876;;
2025;01;11;10;0;0.000135237426;0.000100530831;0.000108531825;;
2025;01;11;11;0;0.000152717423;0.000113791620;0.000126836457;;
2025;01;11;12;0;0.000154534715;0.000117359772;0.000155538694;;
2025;01;11;13;0;0.000152631166;0.000118356277;0.000179707669;;
2025;01;11;14;0;0.000160095751;0.000114571936;0.000189152689;;
2025;01;11;15;0;0.000164177297;0.000105979611;0.000180101427;;
2025;01;11;16;0;0.000150844718;0.000100502128;0.000170811712;;
2025;01;11;17;0;0.000140840588;0.000096788768;0.000164167367;;
2025;01;11;18;0;0.000139365794;0.000097850796;0.000155427068;;
2025;01;11;19;0;0.000153474519;0.000114887756;0.000155466397;;
2025;01;11;20;0;0.000165482331;0.000123758930;0.000162752268;;
2025;01;11;21;0;0.000175724047;0.000125296440;0.000150002087;;
2025;01;11;22;0;0.000181303651;0.000118140456;0.000129766275;;
2025;01;11;23;0;0.000168407943;0.000108619647;0.000108937965;;
2025;01;11;24;0;0.000146990318;0.000098261587;0.000080088854;;
2025;01;12;1;0;0.000129312129;0.000088254435;0.000059357824;;
2025;01;12;2;0;0.000111566637;0.000082944243;0.000050107863;;
2025;01;12;3;0;0.000097407674;0.000080153123;0.000037538493;;
2025;01;12;4;0;0.000088709888;0.000078647688;0.000033867752;;
2025;01;12;5;0;0.000084208902;0.000078060672;0.000036992472;;
2025;01;12;6;0;0.000083278236;0.000079000968;0.000028685691;;
2025;01;12;7;0;0.000085571658;0.000082644051;0.000025559815;;
2025;01;12;8;0;0.000091292743;0.000087732385;0.000031299506;;
2025;01;12;9;0;0.000100795691;0.000082990722;0.000043767101;;
2025;01;12;10;0;0.000124944403;0.000081616198;0.000066656291;;
2025;01;12;11;0;0.000146988378;0.000086552753;0.000096641729;;
2025;01;12;12;0;0.000154657730;0.000090032096;0.000127041108;;
2025;01;12;13;0;0.000156515833;0.000093723287;0.000151237996;;
2025;01;12;14;0;0.000162047934;0.000093655603;0.000156959546;;
2025;01;12;15;0;0.000162375486;0.000091089069;0.000154538485;;
2025;01;12;16;0;0.000148377775;0.000088567238;0.000147760978;;
2025;01;12;17;0;0.000140811597;0.000085927191;0.000142427225;;
2025;01;12;18;0;0.000142152991;0.000086195038;0.000139905520;;
2025;01;12;19;0;0.000163779190;0.000105049829;0.000145531119;;
2025;01;12;20;0;0.000182304229;0.000112630051;0.000153740427;;
2025;01;12;21;0;0.000194143020;0.000111848301;0.000133846955;;
2025;01;12;22;0;0.000194994438;0.000106804971;0.000112380309;;
2025;01;12;23;0;0.000173638162;0.000098763932;0.000088080456;;
2025;01;12;24;0;0.000144671059;0.000089985115;0.000060182618;;
2025;01;13;1;0;0.000117831090;0.000082766083;0.000047834163;;
2025;01;13;2;0;0.000098835404;0.000080080704;0.000037611605;;
2025;01;13;3;0;0.000087953088;0.000078468090;0.000034568265;;
2025;01;13;4;0;0.000082417256;0.000077964749;0.000026452521;;
2025;01;13;5;0;0.000080475372;0.000078417285;0.000027874079;;
2025;01;13;6;0;0.000083684758;0.000082581850;0.000025626441;;
2025;01;13;7;0;0.000096996394;0.000098140396;0.000026012700;;
2025;01;13;8;0;0.000125386940;0.000131658826;0.000043798308;;
2025;01;13;9;0;0.000137900646;0.000166855612;0.000081184978;;
2025;01;13;10;0;0.000142237356;0.000185318146;0.000127268736;;
2025;01;13;11;0;0.000146690660;0.000190768824;0.000152526460;;
2025;01;13;12;0;0.000145163689;0.000187026259;0.000156638494;;
2025;01;13;13;0;0.000145250647;0.000181251832;0.000166585949;;
2025;01;13;14;0;0.000153220870;0.000169455830;0.000137344269;;
2025;01;13;15;0;0.000158228782;0.000148622732;0.000145412601;;
2025;01;13;16;0;0.000152037940;0.000140234797;0.000148390050;;
2025;01;13;17;0;0.000146351722;0.000140682881;0.000150673190;;
2025;01;13;18;0;0.000151513287;0.000145679272;0.000157356711;;
2025;01;13;19;0;0.000172691636;0.000159296128;0.000163205171;;
2025;01;13;20;0;0.000194070066;0.000154612264;0.000174743188;;
2025;01;13;21;0;0.000212004696;0.000139318154;0.000162890923;;
2025;01;13;22;0;0.000212806693;0.000121056658;0.000122207916;;
2025;01;13;23;0;0.000186621823;0.000104782348;0.000091832111;;
2025;01;13;24;0;0.000151299612;0.000093559834;0.000071332479;;
2025;01;14;1;0;0.000125728581;0.000089876086;0.000054448407;;
2025;01;14;2;0;0.000104817900;0.000086652838;0.000040270734;;
2025;01;14;3;0;0.000092802365;0.000084753783;0.000029357397;;
2025;01;14;4;0;0.000086570393;0.000083831138;0.000025469125;;
2025;01;14;5;0;0.000084687291;0.000084437687;0.000024599925;;
2025;01;14;6;0;0.000087668685;0.000088530085;0.000021338211;;
2025;01;14;7;0;0.000101220847;0.000104376272;0.000027045663;;
2025;01;14;8;0;0.000130966011;0.000139748111;0.000043317882;;
2025;01;14;9;0;0.000143681700;0.000174068339;0.000080065874;;
2025;01;14;10;0;0.000148885662;0.000192267936;0.000128791250;;
2025;01;14;11;0;0.000152782604;0.000197865515;0.000155258499;;
2025;01;14;12;0;0.000150681556;0.000194243579;0.000159077986;;
2025;01;14;13;0;0.000151169462;0.000189595050;0.000152181169;;
2025;01;14;14;0;0.000159256540;0.000177754348;0.000150246740;;
2025;01;14;15;0;0.000164903843;0.000157282607;0.000147601460;;
2025;01;14;16;0;0.000157543403;0.000147893763;0.000158963534;;
2025;01;14;17;0;0.000152033408;0.000147780668;0.000155204719;;
2025;01;14;18;0;0.000156321614;0.000151836654;0.000167623935;;
2025;01;14;19;0;0.000176912726;0.000166245052;0.000171734757;;
2025;01;14;20;0;0.000198715447;0.000163411573;0.000178679633;;
2025;01;14;21;0;0.000215935114;0.000149268236;0.000167363151;;
2025;01;14;22;0;0.000217584398;0.000131013636;0.000131881238;;
2025;01;14;23;0;0.000192474123;0.000113628295;0.000105323002;;
2025;01;14;24;0;0.000158054189;0.000100580335;0.000076264890;;
2025;01;15;1;0;0.000129170443;0.000092325493;0.000054691825;;
2025;01;15;2;0;0.000107043729;0.000088519389;0.000040392795;;
2025;01;15;3;0;0.000094429272;0.000086287174;0.000029420730;;
2025;01;15;4;0;0.000088307231;0.000085545412;0.000025539279;;
2025;01;15;5;0;0.000086421855;0.000086197323;0.000024670121;;
2025;01;15;6;0;0.000089518618;0.000090426085;0.000021402239;;
2025;01;15;7;0;0.000103630945;0.000106875127;0.000027144304;;
2025;01;15;8;0;0.000133479244;0.000142492236;0.000043428223;;
2025;01;15;9;0;0.000146683339;0.000177762591;0.000080302719;;
2025;01;15;10;0;0.000151652538;0.000195934744;0.000129100649;;
2025;01;15;11;0;0.000155481522;0.000201469994;0.000155598176;;
2025;01;15;12;0;0.000153306644;0.000197738297;0.000159417499;;
2025;01;15;13;0;0.000153900801;0.000193120354;0.000152529381;;
2025;01;15;14;0;0.000161815245;0.000180728921;0.000150521017;;
2025;01;15;15;0;0.000166379000;0.000158872895;0.000147625285;;
2025;01;15;16;0;0.000159759868;0.000150093463;0.000159178360;;
2025;01;15;17;0;0.000154549578;0.000150319512;0.000155503845;;
2025;01;15;18;0;0.000159697083;0.000155158119;0.000168146866;;
2025;01;15;19;0;0.000181006289;0.000170121504;0.000172334827;;
2025;01;15;20;0;0.000203406823;0.000167293670;0.000179324620;;
2025;01;15;21;0;0.000220597540;0.000152533730;0.000167886482;;
2025;01;15;22;0;0.000222084985;0.000133768878;0.000132264737;;
2025;01;15;23;0;0.000196416376;0.000115996428;0.000105624007;;
2025;01;15;24;0;0.000160995733;0.000102501081;0.000076448607;;
2025;01;16;1;0;0.000130601894;0.000093281550;0.000054765014;;
2025;01;16;2;0;0.000108085312;0.000089324778;0.000040433854;;
2025;01;16;3;0;0.000095556106;0.000087248973;0.000029466026;;
2025;01;16;4;0;0.000089140617;0.000086300428;0.000025563461;;
2025;01;16;5;0;0.000087365720;0.000087077070;0.000024702190;;
2025;01;16;6;0;0.000090321743;0.000091184991;0.000021420118;;
2025;01;16;7;0;0.000104464605;0.000107679796;0.000027160890;;
2025;01;16;8;0;0.000134197952;0.000143211622;0.000043426445;;
2025;01;16;9;0;0.000147576881;0.000178777100;0.000080313124;;
2025;01;16;10;0;0.000152178335;0.000196574605;0.000129036529;;
2025;01;16;11;0;0.000156547157;0.000202764037;0.000155649737;;
2025;01;16;12;0;0.000154630026;0.000199335601;0.000159538201;;
2025;01;16;13;0;0.000156004265;0.000195583642;0.000152825319;;
2025;01;16;14;0;0.000165318243;0.000184372569;0.000151092290;;
2025;01;16;15;0;0.000170295591;0.000162354895;0.000148250609;;
2025;01;16;16;0;0.000163824120;0.000153649183;0.000159927401;;
2025;01;16;17;0;0.000158528279;0.000153924790;0.000156251674;;
2025;01;16;18;0;0.000162227811;0.000157453122;0.000168564720;;
2025;01;16;19;0;0.000182550035;0.000171478917;0.000172459858;;
2025;01;16;20;0;0.000204271630;0.000167961756;0.000179268111;;
2025;01;16;21;0;0.000220804461;0.000152671653;0.000167697487;;
2025;01;16;22;0;0.000221584883;0.000133492250;0.000132013303;;
2025;01;16;23;0;0.000196333772;0.000115954991;0.000105471582;;
2025;01;16;24;0;0.000160954239;0.000102480308;0.000076341938;;
2025;01;17;1;0;0.000131420574;0.000093564589;0.000060106042;;
2025;01;17;2;0;0.000108888377;0.000088956388;0.000045281316;;
2025;01;17;3;0;0.000096350621;0.000086888045;0.000038192478;;
2025;01;17;4;0;0.000089196013;0.000085274123;0.000031833211;;
2025;01;17;5;0;0.000086993237;0.000085692212;0.000033906439;;
2025;01;17;6;0;0.000090105899;0.000089890174;0.000028518438;;
2025;01;17;7;0;0.000103249383;0.000105523877;0.000031514086;;
2025;01;17;8;0;0.000132181320;0.000139931084;0.000049717639;;
2025;01;17;9;0;0.000146088454;0.000173611894;0.000094457915;;
2025;01;17;10;0;0.000152505815;0.000191810908;0.000129301100;;
2025;01;17;11;0;0.000157282182;0.000198323735;0.000166294945;;
2025;01;17;12;0;0.000157287554;0.000197808317;0.000170583937;;
2025;01;17;13;0;0.000157556872;0.000194046234;0.000188651470;;
2025;01;17;14;0;0.000166210605;0.000182983892;0.000177697438;;
2025;01;17;15;0;0.000171458667;0.000158042842;0.000171662209;;
2025;01;17;16;0;0.000165309234;0.000144133714;0.000182925440;;
2025;01;17;17;0;0.000159268051;0.000140755446;0.000179370957;;
2025;01;17;18;0;0.000161502077;0.000143707237;0.000173112595;;
2025;01;17;19;0;0.000179166089;0.000161276176;0.000184421019;;
2025;01;17;20;0;0.000195031072;0.000164074910;0.000191393366;;
2025;01;17;21;0;0.000206221799;0.000155025528;0.000184135656;;
2025;01;17;22;0;0.000210447691;0.000139724031;0.000147842904;;
2025;01;17;23;0;0.000192487424;0.000123763605;0.000118869818;;
2025;01;17;24;0;0.000165483275;0.000110185815;0.000097800809;;
2025;01;18;1;0;0.000138205420;0.000096260849;0.000074859349;;
2025;01;18;2;0;0.000115523895;0.000089289084;0.000050298488;;
2025;01;18;3;0;0.000100268648;0.000085628516;0.000043422007;;
2025;01;18;4;0;0.000092443145;0.000084014443;0.000035464019;;
2025;01;18;5;0;0.000088751541;0.000083430678;0.000035798767;;
2025;01;18;6;0;0.000089120063;0.000085035904;0.000033195903;;
2025;01;18;7;0;0.000092874704;0.000090430200;0.000031609625;;
2025;01;18;8;0;0.000102865796;0.000100004207;0.000038226435;;
2025;01;18;9;0;0.000119624687;0.000102128339;0.000068682180;;
2025;01;18;10;0;0.000146982771;0.000109328422;0.000109727046;;
2025;01;18;11;0;0.000164267844;0.000122559834;0.000127911631;;
2025;01;18;12;0;0.000165661062;0.000126006240;0.000156732333;;
2025;01;18;13;0;0.000162501084;0.000126268846;0.000180796148;;
2025;01;18;14;0;0.000170213674;0.000122075223;0.000190236913;;
2025;01;18;15;0;0.000173888204;0.000112519129;0.000180964732;;
2025;01;18;16;0;0.000160852548;0.000107377559;0.000171907056;;
2025;01;18;17;0;0.000151478219;0.000104238194;0.000165558167;;
2025;01;18;18;0;0.000150942979;0.000106069314;0.000157006734;;
2025;01;18;19;0;0.000167792418;0.000125631003;0.000157402615;;
2025;01;18;20;0;0.000182559631;0.000136472507;0.000165136865;;
2025;01;18;21;0;0.000194101219;0.000138330034;0.000152248588;;
2025;01;18;22;0;0.000199921317;0.000130221956;0.000131656081;;
2025;01;18;23;0;0.000186576719;0.000120254003;0.000110652994;;
2025;01;18;24;0;0.000161939408;0.000108220144;0.000081238016;;
2025;01;19;1;0;0.000142910560;0.000097642590;0.000060107654;;
2025;01;19;2;0;0.000122834127;0.000091445760;0.000050695199;;
2025;01;19;3;0;0.000107334116;0.000088436670;0.000037985978;;
2025;01;19;4;0;0.000097324192;0.000086423888;0.000034235610;;
2025;01;19;5;0;0.000092534357;0.000085906804;0.000037408551;;
2025;01;19;6;0;0.000091556247;0.000086980947;0.000029011665;;
2025;01;19;7;0;0.000093924461;0.000090853942;0.000025839993;;
2025;01;19;8;0;0.000100290597;0.000096525240;0.000031649084;;
2025;01;19;9;0;0.000111198745;0.000091668312;0.000044301430;;
2025;01;19;10;0;0.000137532273;0.000089962507;0.000067433109;;
2025;01;19;11;0;0.000160892922;0.000094907423;0.000097635923;;
2025;01;19;12;0;0.000169769643;0.000098984807;0.000128438274;;
2025;01;19;13;0;0.000172109283;0.000103210542;0.000152965667;;
2025;01;19;14;0;0.000179832924;0.000104018282;0.000159098088;;
2025;01;19;15;0;0.000181581114;0.000101890294;0.000156929089;;
2025;01;19;16;0;0.000165580550;0.000098877750;0.000149976601;;
2025;01;19;17;0;0.000157333404;0.000096042903;0.000144610714;;
2025;01;19;18;0;0.000159284224;0.000096598301;0.000142151064;;
2025;01;19;19;0;0.000181453696;0.000116495345;0.000147461149;;
2025;01;19;20;0;0.000200527790;0.000124065422;0.000155505236;;
2025;01;19;21;0;0.000214600240;0.000123768928;0.000135545707;;
2025;01;19;22;0;0.000214595050;0.000117704500;0.000113684685;;
2025;01;19;23;0;0.000189858209;0.000108188351;0.000088963454;;
2025;01;19;24;0;0.000156818735;0.000097779334;0.000060659701;;
2025;01;20;1;0;0.000125409544;0.000087870808;0.000048134748;;
2025;01;20;2;0;0.000104184845;0.000084262422;0.000037761215;;
2025;01;20;3;0;0.000092105211;0.000082061976;0.000034651687;;
2025;01;20;4;0;0.000086647722;0.000081833807;0.000026541054;;
2025;01;20;5;0;0.000084691253;0.000082385811;0.000027974102;;
2025;01;20;6;0;0.000087513041;0.000086251618;0.000025679396;;
2025;01;20;7;0;0.000101539401;0.000102599573;0.000026071951;;
2025;01;20;8;0;0.000130705934;0.000137098137;0.000043851335;;
2025;01;20;9;0;0.000143832060;0.000173839684;0.000081292844;;
2025;01;20;10;0;0.000149913749;0.000194965275;0.000127764629;;
2025;01;20;11;0;0.000157369158;0.000204035980;0.000153777559;;
2025;01;20;12;0;0.000158480888;0.000203317677;0.000158587547;;
2025;01;20;13;0;0.000161792227;0.000200755711;0.000169471402;;
2025;01;20;14;0;0.000171423442;0.000188460154;0.000139868909;;
2025;01;20;15;0;0.000177424537;0.000165638357;0.000148169799;;
2025;01;20;16;0;0.000169489630;0.000155445708;0.000150999796;;
2025;01;20;17;0;0.000161256458;0.000154257676;0.000152896109;;
2025;01;20;18;0;0.000163189519;0.000156389402;0.000158804532;;
2025;01;20;19;0;0.000182216209;0.000167762645;0.000163881655;;
2025;01;20;20;0;0.000203363790;0.000161785305;0.000175173698;;
2025;01;20;21;0;0.000220324692;0.000144660135;0.000162960970;;
2025;01;20;22;0;0.000220436976;0.000125317361;0.000122165834;;
2025;01;20;23;0;0.000193262437;0.000108444958;0.000091797681;;
2025;01;20;24;0;0.000156866662;0.000096936497;0.000071327674;;
2025;01;21;1;0;0.000127300476;0.000090774359;0.000054514332;;
2025;01;21;2;0;0.000105423086;0.000086977709;0.000040255222;;
2025;01;21;3;0;0.000092939969;0.000084733845;0.000029316083;;
2025;01;21;4;0;0.000087119309;0.000084189566;0.000025462754;;
2025;01;21;5;0;0.000084649798;0.000084266874;0.000024554040;;
2025;01;21;6;0;0.000087556275;0.000088281815;0.000021294029;;
2025;01;21;7;0;0.000101728458;0.000104693864;0.000027030222;;
2025;01;21;8;0;0.000129273123;0.000137839982;0.000043103370;;
2025;01;21;9;0;0.000141913890;0.000171792270;0.000079681319;;
2025;01;21;10;0;0.000147760656;0.000190605022;0.000128325184;;
2025;01;21;11;0;0.000154694160;0.000199845467;0.000155448276;;
2025;01;21;12;0;0.000154789838;0.000198846057;0.000159826457;;
2025;01;21;13;0;0.000156652993;0.000195669461;0.000153214837;;
2025;01;21;14;0;0.000167198498;0.000185687608;0.000151740569;;
2025;01;21;15;0;0.000172409868;0.000163670394;0.000148925492;;
2025;01;21;16;0;0.000164002710;0.000153282031;0.000160224844;;
2025;01;21;17;0;0.000155962539;0.000151088246;0.000155885292;;
2025;01;21;18;0;0.000158281005;0.000153359557;0.000167830775;;
2025;01;21;19;0;0.000176813762;0.000165888943;0.000171404381;;
2025;01;21;20;0;0.000197725551;0.000162389086;0.000178143128;;
2025;01;21;21;0;0.000213632565;0.000147544543;0.000166627028;;
2025;01;21;22;0;0.000214502351;0.000129073890;0.000131188700;;
2025;01;21;23;0;0.000189152274;0.000111619965;0.000104693545;;
2025;01;21;24;0;0.000154659179;0.000098408245;0.000075732157;;
2025;01;22;1;0;0.000123857908;0.000088300633;0.000054443462;;
2025;01;22;2;0;0.000103134063;0.000085038945;0.000040255999;;
2025;01;22;3;0;0.000090802592;0.000082743486;0.000029307031;;
2025;01;22;4;0;0.000084785051;0.000081914735;0.000025431164;;
2025;01;22;5;0;0.000082637469;0.000082226526;0.000024541601;;
2025;01;22;6;0;0.000085615699;0.000086276637;0.000021291863;;
2025;01;22;7;0;0.000098380432;0.000101269183;0.000026955988;;
2025;01;22;8;0;0.000125255419;0.000133566431;0.000043004838;;
2025;01;22;9;0;0.000137343153;0.000166285510;0.000079476781;;
2025;01;22;10;0;0.000142901439;0.000184374519;0.000127973373;;
2025;01;22;11;0;0.000148219086;0.000191642759;0.000154673740;;
2025;01;22;12;0;0.000146854128;0.000188940587;0.000158652760;;
2025;01;22;13;0;0.000148605538;0.000185903364;0.000152085753;;
2025;01;22;14;0;0.000157511114;0.000175281639;0.000150368632;;
2025;01;22;15;0;0.000162394165;0.000154474382;0.000147571765;;
2025;01;22;16;0;0.000155181018;0.000145284594;0.000158942337;;
2025;01;22;17;0;0.000148465685;0.000144011900;0.000154864486;;
2025;01;22;18;0;0.000151506275;0.000146929598;0.000166953883;;
2025;01;22;19;0;0.000169431095;0.000159095797;0.000170554270;;
2025;01;22;20;0;0.000190241432;0.000156329858;0.000177433963;;
2025;01;22;21;0;0.000205964029;0.000142308006;0.000166045347;;
2025;01;22;22;0;0.000207067180;0.000124641153;0.000130770986;;
2025;01;22;23;0;0.000183110237;0.000108069031;0.000104430223;;
2025;01;22;24;0;0.000150832793;0.000095936818;0.000075675689;;
2025;01;23;1;0;0.000121248159;0.000086445703;0.000054403049;;
2025;01;23;2;0;0.000100823271;0.000083146930;0.000040213038;;
2025;01;23;3;0;0.000088493788;0.000080669421;0.000029253542;;
2025;01;23;4;0;0.000083039798;0.000080231010;0.000025415318;;
2025;01;23;5;0;0.000080942978;0.000080542339;0.000024526679;;
2025;01;23;6;0;0.000083731795;0.000084389208;0.000021271151;;
2025;01;23;7;0;0.000096175345;0.000099015260;0.000026927139;;
2025;01;23;8;0;0.000122278891;0.000130425851;0.000042944548;;
2025;01;23;9;0;0.000133831029;0.000162095281;0.000079329453;;
2025;01;23;10;0;0.000138451750;0.000178771681;0.000127558142;;
2025;01;23;11;0;0.000142932155;0.000185010160;0.000153998477;;
2025;01;23;12;0;0.000141280884;0.000182000619;0.000157871975;;
2025;01;23;13;0;0.000142763865;0.000178839744;0.000151286424;;
2025;01;23;14;0;0.000150661332;0.000167939833;0.000149423644;;
2025;01;23;15;0;0.000154611469;0.000147365513;0.000146481908;;
2025;01;23;16;0;0.000147646752;0.000138513048;0.000157741389;;
2025;01;23;17;0;0.000141858798;0.000137843024;0.000153849671;;
2025;01;23;18;0;0.000145473532;0.000141276172;0.000166051867;;
2025;01;23;19;0;0.000164239630;0.000154334920;0.000170022014;;
2025;01;23;20;0;0.000185053241;0.000152142602;0.000177029101;;
2025;01;23;21;0;0.000200652143;0.000138692847;0.000165727946;;
2025;01;23;22;0;0.000202074843;0.000121669930;0.000130575444;;
2025;01;23;23;0;0.000179582218;0.000105980058;0.000104398475;;
2025;01;23;24;0;0.000147985200;0.000094117066;0.000075660014;;
2025;01;24;1;0;0.000121593625;0.000086468331;0.000059601943;;
2025;01;24;2;0;0.000101062017;0.000082449405;0.000044935346;;
2025;01;24;3;0;0.000089641533;0.000080713672;0.000037922927;;
2025;01;24;4;0;0.000083798409;0.000079936699;0.000031682710;;
2025;01;24;5;0;0.000081570637;0.000080183656;0.000033730226;;
2025;01;24;6;0;0.000084415213;0.000084043492;0.000028364587;;
2025;01;24;7;0;0.000096971169;0.000098891553;0.000031363843;;
2025;01;24;8;0;0.000123759995;0.000130759863;0.000049444963;;
2025;01;24;9;0;0.000136147227;0.000161532448;0.000093833478;;
2025;01;24;10;0;0.000140841328;0.000176958367;0.000128159868;;
2025;01;24;11;0;0.000144764374;0.000182394535;0.000164693432;;
2025;01;24;12;0;0.000142915771;0.000179753179;0.000168422273;;
2025;01;24;13;0;0.000143793436;0.000177059944;0.000186458428;;
2025;01;24;14;0;0.000150913853;0.000166170286;0.000175417292;;
2025;01;24;15;0;0.000156142938;0.000143918498;0.000169578979;;
2025;01;24;16;0;0.000150910339;0.000131549715;0.000180807943;;
2025;01;24;17;0;0.000145006311;0.000128146138;0.000177179257;;
2025;01;24;18;0;0.000147387445;0.000131120308;0.000171091919;;
2025;01;24;19;0;0.000163981556;0.000147547068;0.000182394396;;
2025;01;24;20;0;0.000179900649;0.000151203081;0.000189649764;;
2025;01;24;21;0;0.000190542556;0.000143087115;0.000182532779;;
2025;01;24;22;0;0.000192768581;0.000127926510;0.000146247428;;
2025;01;24;23;0;0.000176692411;0.000113538476;0.000117648080;;
2025;01;24;24;0;0.000152268088;0.000101307993;0.000096851757;;
2025;01;25;1;0;0.000129150499;0.000089990199;0.000074068386;;
2025;01;25;2;0;0.000108299541;0.000083720664;0.000049805466;;
2025;01;25;3;0;0.000094652046;0.000080808252;0.000043068532;;
2025;01;25;4;0;0.000086822666;0.000078910843;0.000035132149;;
2025;01;25;5;0;0.000083208313;0.000078233699;0.000035448642;;
2025;01;25;6;0;0.000083386218;0.000079589956;0.000032855245;;
2025;01;25;7;0;0.000086866865;0.000084609403;0.000031282452;;
2025;01;25;8;0;0.000096475615;0.000093806013;0.000037855667;;
2025;01;25;9;0;0.000111306083;0.000095092240;0.000067884453;;
2025;01;25;10;0;0.000136877202;0.000101876868;0.000108476406;;
2025;01;25;11;0;0.000154781556;0.000115462864;0.000126814108;;
2025;01;25;12;0;0.000158209332;0.000120205896;0.000155890754;;
2025;01;25;13;0;0.000159037648;0.000123231290;0.000180882126;;
2025;01;25;14;0;0.000167913207;0.000120022219;0.000190692796;;
2025;01;25;15;0;0.000169985256;0.000109694484;0.000181002027;;
2025;01;25;16;0;0.000155725078;0.000103742017;0.000171543733;;
2025;01;25;17;0;0.000144589493;0.000099391974;0.000164648923;;
2025;01;25;18;0;0.000142763933;0.000100278878;0.000155801060;;
2025;01;25;19;0;0.000156659768;0.000117350388;0.000155707573;;
2025;01;25;20;0;0.000169977192;0.000127150030;0.000163249824;;
2025;01;25;21;0;0.000180344513;0.000128628495;0.000150430436;;
2025;01;25;22;0;0.000185423590;0.000120889492;0.000130027758;;
2025;01;25;23;0;0.000171756055;0.000110859436;0.000109084114;;
2025;01;25;24;0;0.000149511400;0.000100037995;0.000080144733;;
2025;01;26;1;0;0.000133319394;0.000091132188;0.000059458480;;
2025;01;26;2;0;0.000115540647;0.000086006195;0.000050245892;;
2025;01;26;3;0;0.000101357586;0.000083479955;0.000037684560;;
2025;01;26;4;0;0.000092124990;0.000081761645;0.000033983425;;
2025;01;26;5;0;0.000087361569;0.000081074358;0.000037109683;;
2025;01;26;6;0;0.000086225085;0.000081899745;0.000028762802;;
2025;01;26;7;0;0.000088445311;0.000085537374;0.000025617607;;
2025;01;26;8;0;0.000094375626;0.000090818985;0.000031371459;;
2025;01;26;9;0;0.000104154833;0.000085875883;0.000043862666;;
2025;01;26;10;0;0.000129070885;0.000084430727;0.000066797065;;
2025;01;26;11;0;0.000151426729;0.000089309520;0.000096783264;;
2025;01;26;12;0;0.000161991515;0.000094344952;0.000127737374;;
2025;01;26;13;0;0.000165916073;0.000099315378;0.000152505254;;
2025;01;26;14;0;0.000174778212;0.000100853660;0.000158930410;;
2025;01;26;15;0;0.000175568030;0.000098317208;0.000156571761;;
2025;01;26;16;0;0.000159359530;0.000095002277;0.000149474659;;
2025;01;26;17;0;0.000148997767;0.000090901673;0.000143564031;;
2025;01;26;18;0;0.000150263954;0.000091099010;0.000140989519;;
2025;01;26;19;0;0.000169465206;0.000108838546;0.000145897869;;
2025;01;26;20;0;0.000186545173;0.000115488202;0.000153711318;;
2025;01;26;21;0;0.000199810988;0.000115306100;0.000134010554;;
2025;01;26;22;0;0.000199060477;0.000109275881;0.000112297535;;
2025;01;26;23;0;0.000175324656;0.000100023440;0.000087786762;;
2025;01;26;24;0;0.000146653691;0.000091467930;0.000060038871;;
2025;01;27;1;0;0.000116188630;0.000081372264;0.000047790234;;
2025;01;27;2;0;0.000096748989;0.000078199398;0.000037511594;;
2025;01;27;3;0;0.000086391070;0.000076868688;0.000034504640;;
2025;01;27;4;0;0.000081228356;0.000076616873;0.000026425352;;
2025;01;27;5;0;0.000079413399;0.000077150993;0.000027853763;;
2025;01;27;6;0;0.000082268799;0.000080963093;0.000025584658;;
2025;01;27;7;0;0.000095553462;0.000096403457;0.000025983737;;
2025;01;27;8;0;0.000122161715;0.000128001442;0.000043631780;;
2025;01;27;9;0;0.000132416872;0.000160040201;0.000080590291;;
2025;01;27;10;0;0.000138010214;0.000179481879;0.000126659033;;
2025;01;27;11;0;0.000144212526;0.000187033956;0.000152278420;;
2025;01;27;12;0;0.000143746362;0.000184600794;0.000156652728;;
2025;01;27;13;0;0.000144882046;0.000180113382;0.000166885919;;
2025;01;27;14;0;0.000153624974;0.000169203206;0.000137760095;;
2025;01;27;15;0;0.000158561797;0.000148328336;0.000145835741;;
2025;01;27;16;0;0.000151084731;0.000138870107;0.000148527619;;
2025;01;27;17;0;0.000144742222;0.000138698133;0.000150643988;;
2025;01;27;18;0;0.000147264126;0.000141318224;0.000156668771;;
2025;01;27;19;0;0.000165544167;0.000152548937;0.000161943014;;
2025;01;27;20;0;0.000187068334;0.000148827560;0.000173625201;;
2025;01;27;21;0;0.000203310407;0.000133465499;0.000161644022;;
2025;01;27;22;0;0.000203522634;0.000115676778;0.000121193342;;
2025;01;27;23;0;0.000178425438;0.000100098002;0.000091065223;;
2025;01;27;24;0;0.000145251555;0.000089721107;0.000070808371;;
2025;01;28;1;0;0.000121212828;0.000086586210;0.000054255033;;
2025;01;28;2;0;0.000100641098;0.000083164260;0.000040088574;;
2025;01;28;3;0;0.000089202251;0.000081424850;0.000029232343;;
2025;01;28;4;0;0.000083750614;0.000081023561;0.000025400071;;
2025;01;28;5;0;0.000081497365;0.000081209630;0.000024502036;;
2025;01;28;6;0;0.000084474990;0.000085247676;0.000021259986;;
2025;01;28;7;0;0.000097422124;0.000100399807;0.000026939308;;
2025;01;28;8;0;0.000124830956;0.000133211397;0.000043045496;;
2025;01;28;9;0;0.000135708255;0.000164522574;0.000079385505;;
2025;01;28;10;0;0.000140127504;0.000181128830;0.000127590956;;
2025;01;28;11;0;0.000144978784;0.000187832055;0.000154120605;;
2025;01;28;12;0;0.000144520506;0.000186235387;0.000158316685;;
2025;01;28;13;0;0.000146065615;0.000183033652;0.000151719350;;
2025;01;28;14;0;0.000153955047;0.000171680196;0.000149806552;;
2025;01;28;15;0;0.000157453593;0.000150170744;0.000146738407;;
2025;01;28;16;0;0.000150069702;0.000140895693;0.000157944977;;
2025;01;28;17;0;0.000144466551;0.000140467047;0.000154119125;;
2025;01;28;18;0;0.000149294800;0.000145002863;0.000166651945;;
2025;01;28;19;0;0.000168911437;0.000158719804;0.000170726372;;
2025;01;28;20;0;0.000190970063;0.000156966324;0.000177914035;;
2025;01;28;21;0;0.000206331039;0.000142615759;0.000166411945;;
2025;01;28;22;0;0.000207445731;0.000124915806;0.000131060368;;
2025;01;28;23;0;0.000183847431;0.000108527887;0.000104715357;;
2025;01;28;24;0;0.000151492513;0.000096375311;0.000075888813;;
2025;01;29;1;0;0.000125979828;0.000089848711;0.000054468612;;
2025;01;29;2;0;0.000104936753;0.000086557056;0.000040277537;;
2025;01;29;3;0;0.000093163068;0.000084876808;0.000029381814;;
2025;01;29;4;0;0.000087234433;0.000084247313;0.000025513401;;
2025;01;29;5;0;0.000085124569;0.000084660350;0.000024627923;;
2025;01;29;6;0;0.000088190859;0.000088828904;0.000021366690;;
2025;01;29;7;0;0.000101172191;0.000104104622;0.000027039904;;
2025;01;29;8;0;0.000128328457;0.000136828135;0.000043099528;;
2025;01;29;9;0;0.000139217014;0.000168659692;0.000079446512;;
2025;01;29;10;0;0.000144870387;0.000187031058;0.000127930583;;
2025;01;29;11;0;0.000151508283;0.000195905543;0.000154930563;;
2025;01;29;12;0;0.000151329171;0.000194598970;0.000159224334;;
2025;01;29;13;0;0.000153928732;0.000192395477;0.000152823687;;
2025;01;29;14;0;0.000165364310;0.000183691086;0.000151591302;;
2025;01;29;15;0;0.000171445677;0.000162730974;0.000148976173;;
2025;01;29;16;0;0.000163076960;0.000152394775;0.000160277333;;
2025;01;29;17;0;0.000155072634;0.000150204783;0.000155933131;;
2025;01;29;18;0;0.000156466035;0.000151639675;0.000167645271;;
2025;01;29;19;0;0.000173756898;0.000163128920;0.000170970866;;
2025;01;29;20;0;0.000194696257;0.000159984995;0.000177778394;;
2025;01;29;21;0;0.000210261982;0.000145297468;0.000166267346;;
2025;01;29;22;0;0.000210545708;0.000126787554;0.000130820614;;
2025;01;29;23;0;0.000186349934;0.000110020434;0.000104493198;;
2025;01;29;24;0;0.000154289073;0.000098135307;0.000075814133;;
2025;01;30;1;0;0.000125335761;0.000089439722;0.000054584302;;
2025;01;30;2;0;0.000104646916;0.000086353080;0.000040386780;;
2025;01;30;3;0;0.000092583654;0.000084403501;0.000029436879;;
2025;01;30;4;0;0.000086655360;0.000083744766;0.000025558721;;
2025;01;30;5;0;0.000084563717;0.000084159162;0.000024671896;;
2025;01;30;6;0;0.000087715166;0.000088402329;0.000021411347;;
2025;01;30;7;0;0.000100653507;0.000103630746;0.000027098286;;
2025;01;30;8;0;0.000126789097;0.000135328601;0.000043119522;;
2025;01;30;9;0;0.000138566418;0.000167961670;0.000079624689;;
2025;01;30;10;0;0.000143274079;0.000185150172;0.000128017700;;
2025;01;30;11;0;0.000148137510;0.000191885537;0.000154611788;;
2025;01;30;12;0;0.000146715615;0.000189111551;0.000158576142;;
2025;01;30;13;0;0.000147683637;0.000185160685;0.000151822058;;
2025;01;30;14;0;0.000156463567;0.000174508438;0.000150091968;;
2025;01;30;15;0;0.000160875906;0.000153404226;0.000147204333;;
2025;01;30;16;0;0.000154613578;0.000145048046;0.000158760516;;
2025;01;30;17;0;0.000149218138;0.000144948369;0.000155010466;;
2025;01;30;18;0;0.000152830860;0.000148388193;0.000167257979;;
2025;01;30;19;0;0.000170953244;0.000160710925;0.000170874788;;
2025;01;30;20;0;0.000191917223;0.000157891390;0.000177759966;;
2025;01;30;21;0;0.000208341205;0.000144092148;0.000166459701;;
2025;01;30;22;0;0.000210192021;0.000126616211;0.000131208732;;
2025;01;30;23;0;0.000185909878;0.000109801181;0.000104783956;;
2025;01;30;24;0;0.000154208554;0.000098108566;0.000076060447;;
2025;01;31;1;0;0.000126672430;0.000089944200;0.000060082386;;
2025;01;31;2;0;0.000104557192;0.000085212318;0.000045221015;;
2025;01;31;3;0;0.000092246012;0.000083003094;0.000038114531;;
2025;01;31;4;0;0.000086111684;0.000082096274;0.000031831929;;
2025;01;31;5;0;0.000084105022;0.000082608506;0.000033916795;;
2025;01;31;6;0;0.000087000616;0.000086550624;0.000028518676;;
2025;01;31;7;0;0.000100396100;0.000102274602;0.000031570071;;
2025;01;31;8;0;0.000126426779;0.000133554949;0.000049606587;;
2025;01;31;9;0;0.000138155899;0.000163961865;0.000093986065;;
2025;01;31;10;0;0.000144260825;0.000181190905;0.000128661862;;
2025;01;31;11;0;0.000148878775;0.000187459149;0.000165497094;;
2025;01;31;12;0;0.000146762360;0.000184491830;0.000169182515;;
2025;01;31;13;0;0.000146397232;0.000180278114;0.000186916970;;
2025;01;31;14;0;0.000153079743;0.000168610640;0.000175695716;;
2025;01;31;15;0;0.000158139714;0.000145822715;0.000169785739;;
2025;01;31;16;0;0.000152788265;0.000133247530;0.000181011371;;
2025;01;31;17;0;0.000147058771;0.000130003734;0.000177449250;;
2025;01;31;18;0;0.000149035958;0.000132658113;0.000171230499;;
2025;01;31;19;0;0.000164937648;0.000148541016;0.000182306807;;
2025;01;31;20;0;0.000182223027;0.000153218038;0.000189877061;;
2025;01;31;21;0;0.000192797380;0.000144850410;0.000182704096;;
2025;01;31;22;0;0.000196943856;0.000130674165;0.000146728873;;
2025;01;31;23;0;0.000179656813;0.000115460964;0.000117898860;;
2025;01;31;24;0;0.000154860662;0.000103046901;0.000097063960;;
